3.0
2.0
4.0
6.0
7.0
16.0
9.0
15.0
18.0
12.0
13.0
22.0
5.0
11.0
14.0
19.0
8.0
28.0
21.0
48.0
10.0
27.0
17.0
30.0
34.0
20.0
23.0
24.0
26.0
25.0
33.0
31.0
36.0
42.0
35.0
32.0
29.0
45.0
54.0
40.0
44.0
51.0
37.0
53.0
38.0
39.0
41.0
43.0
57.0
59.0
50.0
52.0
46.0
61.0
60.0
47.0
56.0
132.0
151.0
177.0
85.0
101.0
80.0
79.0
117.0
98.0
49.0
67.0
71.0
107.0
100.0
55.0
84.0
66.0
105.0
226.0
104.0
72.0
147.0
108.0
113.0
146.0
153.0
77.0
156.0
69.0
63.0
95.0
112.0
83.0
65.0
89.0
58.0
1.5699999928474426
1.1399999856948853
398.0
460.0
618.0
792.0
179.0
229.0
1.027999997138977
118.0
92.0
82.0
136.0
152.0
142.0
137.0
90.0
103.0
1.105999976396561
126.0
110.0
93.0
150.0
116.0
185.0
123.0
96.0
206.0
498.0
772.0
259.0
200.0
399.0
434.0
64.0
207.0
74.0
115.0
128.0
160.0
73.0
144.0
70.0
62.0
120.0
171.0
111.0
86.0
119.0
94.0
139.0
68.0
75.0
138.0
125.0
81.0
1.022000014781952
1.8040000200271609
1.050000011920929
1.040000021457672
87.0
1.0020000338554382
1.1220000386238098
76.0
192.0
106.0
1.5279999673366549
1.3659999668598175
544.0
619.0
352.0
617.0
218.0
2.0160000026226044
174.0
127.0
88.0
1.0380000174045565
122.0
130.0
97.0
612.0
420.0
780.0
273.0
166.0
2.015999972820282
109.0
1.4259999990463257
1.0539999902248385
143.0
114.0
189.0
140.0
121.0
78.0
199.0
2.349999964237213
173.0
134.0
154.0
270.0
99.0
91.0
102.0
385.0
1134.0
361.0
388.0
258.0
779.0
157.0
155.0
606.0
360.0
716.0
182.0
2.0820000171661377
1.0879999995231628
2.428000003099441
1.4159999787807465
1.4000000059604645
2.9159999787807465
2.30799999833107
131.0
129.0
1.421999990940094
1.3759999573230743
1.4479999840259552
1.1019999980926514
500.0
917.0
760.0
254.0
261.0
458.0
1.0139999985694883
1.1359999775886536
124.0
269.0
165.0
1.5
181.0
222.0
1.0479999780654907
1.5720000267028809
2.275999993085861
1.3739999830722809
1.5719999969005585
133.0
4.577999979257584
1.0319999754428864
1.287999987602234
159.0
167.0
175.0
187.0
225.0
1.997999995946884
2.073999971151352
529.0
578.0
401.0
203.0
2.3759999573230743
148.0
2.2479999363422394
161.0
238.0
164.0
191.0
243.0
1.1099999845027924
1.0399999916553495
1.003999948501587
1.9259999990463257
1.401999980211258
135.0
3.827999979257584
421.0
580.0
180.0
465.0
431.0
190.0
2.098000019788742
3.2739999890327454
1.4179999828338623
170.0
194.0
1.020000010728836
1.8260000050067904
2.5939999520778656
1.0099999606609344
1.4379999935626984
510.0
631.0
538.0
831.0
216.0
1.0460000038146973
1.793999969959259
2.9600000381469727
183.0
158.0
317.0
145.0
378.0
494.0
396.0
492.0
3.030000030994416
1.0360000133514404
2.430000066757202
213.0
1.487999975681305
1.4939999878406525
1.504000037908554
1.0860000252723694
1.9580000042915344
1.923999965190888
679.0
447.0
1195.0
313.0
289.0
1.053999960422516
1.0540000200271606
2.507999986410141
1.4620000422000885
252.0
711.0
528.0
1000.0
223.0
346.0
1.8899999558925629
1.0640000104904177
1.621999979019165
172.0
168.0
149.0
224.0
256.0
141.0
197.0
162.0
201.0
176.0
163.0
188.0
242.0
204.0
250.0
274.0
169.0
230.0
292.0
195.0
237.0
212.0
407.0
481.0
196.0
178.0
282.0
227.0
455.0
299.0
255.0
239.0
322.0
271.0
186.0
202.0
193.0
293.0
210.0
358.0
290.0
240.0
245.0
275.0
356.0
331.0
315.0
215.0
251.0
302.0
221.0
343.0
285.0
288.0
263.0
308.0
260.0
184.0
249.0
236.0
426.0
283.0
307.0
265.0
345.0
374.0
304.0
324.0
267.0
321.0
246.0
214.0
257.0
220.0
209.0
454.0
319.0
349.0
344.0
312.0
231.0
316.0
303.0
284.0
264.0
294.0
198.0
262.0
297.0
280.0
248.0
211.0
281.0
279.0
296.0
205.0
234.0
272.0
219.0
379.0
228.0
253.0
286.0
357.0
268.0
336.0
310.0
295.0
384.0
244.0
217.0
301.0
208.0
298.0
364.0
287.0
351.0
395.0
327.0
415.0
411.0
422.0
380.0
353.0
325.0
342.0
332.0
266.0
300.0
375.0
366.0
330.0
305.0
277.0
416.0
381.0
291.0
320.0
1.1819999814033508
4.701999992132187
7.611999958753586
3.475999996066093
8.265999972820282
2.3679999858140945
3.900000005960465
3.550000011920929
3.463999956846237
3.0899999737739563
7.593999952077866
1.011999994516373
1.527999997138977
1.4240000247955322
1.0560000240802765
1.0939999967813492
2.5740000307559967
1.0680000185966492
1.152999997138977
1.678000032901764
1.143999993801117
3.3600000143051147
4.134000033140183
3.203999981284141
1.870000004768372
1.315999984741211
5.141999959945679
1.6960000097751615
3.99800007045269
1.9900000095367432
2.434000015258789
2.895999997854233
4.006000012159348
2.919999986886978
1.2540000081062317
1.671999990940094
1.315999999642372
1.464000016450882
1.965999990701676
3.339999988675117
4.609999984502792
3.835999995470047
2.6539999544620514
2.0340000092983246
4.504000037908554
1.183999985456467
1.0130000114440918
1.011000007390976
2.165000021457672
3.06999996304512
2.4229999780654907
1.3949999809265137
1.210999995470047
1.4520000219345093
1.3240000158548355
1.8660000264644625
1.1579999923706057
2.6800000220537186
3.4220000356435776
1.123999997973442
2.520000010728836
1.3320000171661377
1.1120000332593918
1.341999977827072
2.871999964118004
4.320000037550926
4.458000004291534
1.89400002360344
5.080000013113022
4.144000023603439
2.7560000121593475
5.52400004863739
1.2520000040531158
4.978000000119209
1.936000019311905
7.524000033736229
1.330000013113022
3.102000012993813
2.353999987244606
2.8219999969005585
2.4439999759197235
1.5640000104904177
5.389999985694885
1.4380000084638596
1.0560000091791153
2.143999993801117
1.0359999984502792
1.19200000166893
1.5920000076293943
1.3200000077486038
1.3899999856948853
1.0799999833106997
3.958000019192696
1.1899999976158142
1.106000006198883
2.25
1.3579999804496763
1.4500000178813934
1.436000034213066
2.317999988794327
2.1700000315904617
1.040000006556511
3.084000021219253
2.951999992132187
1.7839999794960022
2.5999999791383743
6.034000009298325
1.6319999992847445
2.0180000364780426
1.0100000351667404
1.785999983549118
3.589999988675117
4.872000008821487
3.542000025510788
9.058000087738035
2.6140000224113464
1.462000012397766
3.0660000145435333
1.338000014424324
6.84600006043911
1.7699999809265137
3.908000007271767
3.6539999693632126
1.8759999871253967
4.846000045537949
1.5199999958276749
7.8840000331401825
3.083999991416931
2.3920000195503235
3.4120000153779984
7.800000011920929
1.1820000112056732
1.520000010728836
1.0040000081062317
2.370000004768372
2.4999999701976776
3.7279999554157257
3.3420000076293945
1.007999986410141
1.9800000190734863
1.6900000274181366
2.5789999663829803
1.44200000166893
1.4359999895095823
2.662000000476837
6.630000069737434
2.7599999457597733
6.455999970436096
3.05799999833107
7.358000069856644
1.174000009894371
1.866000011563301
2.098000004887581
2.189999997615814
2.60199998319149
1.8579999953508377
1.055999979376793
2.542000025510788
1.955999970436096
1.343999981880188
1.136000007390976
2.299999997019768
3.555999994277954
1.8439999669790268
3.2819999903440475
3.650000050663948
2.8120000064373016
4.35800002515316
1.9060000032186508
1.0999999791383743
1.9019999951124191
3.08399997651577
2.969999983906746
1.2920000106096268
1.7899999767541883
5.019999995827675
1.1119999587535858
1.8640000224113464
2.327999979257584
1.449999988079071
2.51800000667572
1.639999970793724
3.866000011563301
7.415999978780746
3.86599999666214
16.66000008583069
1.3819999992847445
1.085999995470047
3.694000005722046
2.6200000643730164
3.425999939441681
3.5860000252723694
1.4220000058412552
1.11599999666214
3.262000009417534
2.12399996817112
1.628000020980835
1.1220000088214874
4.0240000039339066
1.1739999949932098
5.216000020503998
1.3460000157356262
1.901999980211258
2.828000009059906
1.4040000140666962
1.5139999985694883
1.4720000624656675
1.09000001847744
4.070000052452087
3.2700000405311584
2.9780000150203705
2.967999994754792
1.896000012755394
1.080000013113022
1.0519999861717224
1.272000014781952
1.4139999896287918
1.842000022530556
1.1199999898672104
1.2580000162124634
2.4119999706745148
1.2520000338554382
1.6639999896287918
1.185999974608421
1.616000011563301
1.4740000218153
1.4160000085830688
1.2979999780654907
2.0060000121593475
3.1800000071525574
1.227999985218048
1.964000016450882
4.452000036835671
2.0100000202655792
1.0160000026226044
6.454000055789948
5.645999997854233
3.933999955654144
2.178000003099441
3.212000012397766
5.095999985933304
2.969999998807907
3.145999997854233
1.0259999930858612
2.9979999661445618
1.6700000017881391
1.2280000150203705
1.38400000333786
2.823999971151352
3.391999989748001
2.8440000116825104
1.55799999833107
1.4280000030994415
1.065999984741211
2.004000008106232
3.313999980688095
1.804000005126
3.131999969482422
6.183999985456467
1.1879999935626984
1.4279999881982803
2.123999997973442
1.7339999824762344
2.5119999945163727
1.3499999940395355
1.3880000412464142
2.6639999598264694
1.2200000286102295
1.419999986886978
1.762000024318695
2.5820000022649765
7.114000007510185
8.136000022292137
3.889999985694885
17.64199997484684
1.6280000358819962
1.1199999749660492
1.863999992609024
1.1040000021457672
7.709999948740005
4.266000002622604
3.334000021219253
1.194000005722046
3.216000020503998
3.7360000163316727
1.2709999978542328
2.1500000059604645
6.326000019907951
4.051999986171722
5.049999982118607
7.242000043392181
1.8959999978542328
5.187999993562698
4.798000067472458
2.997999995946884
1.3340000063180923
2.4899999797344208
1.055999994277954
6.436000019311905
2.785999983549118
3.330000013113022
1.063999980688095
2.2520000338554382
5.445999965071678
2.582000032067299
2.7780000120401382
1.571000039577484
1.8019999861717224
3.1100000590085983
3.0260000079870224
1.908000022172928
3.194000005722046
2.829999953508377
5.13400000333786
1.2919999957084656
2.5309999883174896
2.487999990582466
6.864000007510185
1.80799999833107
1.2559999972581863
2.6759999990463257
1.3179999887943268
1.2660000324249268
2.0460000038146973
4.0139999985694885
2.338000059127808
2.2160000056028366
1.0799999982118609
2.2100000232458115
4.302000001072884
2.586000010371208
5.548000007867813
7.621999949216843
2.1540000289678574
2.4959999918937683
4.416000008583069
2.645999997854233
2.6120000183582306
2.8139999955892563
1.394000023603439
3.1079999804496765
2.7060000002384186
3.623999923467636
4.179999962449074
3.6480000019073486
7.213999927043915
1.242000013589859
1.3009999990463257
1.86599999666214
1.4660000056028366
3.153999999165535
3.0920000076293945
1.570000022649765
3.618000000715256
2.3900000005960464
2.4519999623298645
1.924000009894371
2.8859999775886536
3.070000037550926
5.346000045537949
2.7840000092983246
15.782000005245209
1.0839999914169312
3.230000004172325
2.198000028729439
1.037999987602234
1.3379999697208405
1.5550000369548798
1.277999982237816
1.1400000154972076
3.570000007748604
7.351999908685684
6.11200001090765
5.495999962091446
1.4100000262260437
1.9820000529289248
3.3899999409914017
3.6019999384880066
1.1420000046491623
1.229999989271164
1.3740000128746033
2.514000028371811
1.1539999693632126
1.8599999845027924
2.2480000257492065
1.4619999825954435
2.0460000187158585
5.196000039577484
3.34000001847744
3.1140000224113464
12.650000020861626
2.552000045776367
2.76800000667572
2.0539999902248383
1.25
1.3800000101327896
2.289999961853028
1.361999973654747
1.0499999970197678
1.2680000066757202
2.7740000039339066
1.7639999985694883
1.64199997484684
6.694000005722046
2.0740000307559967
3.805999994277954
1.3479999899864197
1.7220000326633451
1.6400000005960464
2.194000005722046
1.7959999740123749
3.535999983549118
1.3380000293254852
4.496000021696091
5.007999926805496
3.300000041723252
4.534000039100647
1.403999999165535
2.613999992609024
2.2339999824762344
1.325999990105629
1.3780000060796738
4.269999980926514
2.7100000083446503
2.300000041723252
3.775999993085861
1.9420000165700912
1.3760000169277191
4.06999996304512
1.9919999986886976
1.0160000324249268
1.8599999994039536
1.9439999759197235
3.953999996185303
3.2039999961853027
1.2859999984502792
9.209999978542328
3.7760000079870224
4.182000041007996
2.596000015735626
2.17399999499321
1.7240000069141388
1.929999977350235
2.179999977350235
1.5940000116825104
1.05400001257658
1.0000000298023224
1.9959999918937683
3.127999991178513
2.353999972343445
1.406000018119812
2.064000010490417
2.827999994158745
1.488000005483627
2.037999987602234
1.5979999899864197
2.5139999985694885
1.4760000109672546
1.3439999967813492
2.240000009536743
1.2760000228881836
1.6400000303983688
2.62200003862381
2.255999982357025
1.2339999973773956
1.111999973654747
1.8800000250339508
1.0780000239610672
2.992000013589859
1.9639999717473984
2.151999980211258
1.9020000100135803
3.959999993443489
1.322000041604042
1.0270000100135803
1.0940000265836716
2.3920000046491623
2.628000020980835
4.337999984622002
2.403999984264374
3.645999997854233
2.304000049829483
2.3740000277757645
2.4499999582767487
1.2659999877214432
2.356000036001205
1.820000007748604
5.831999987363815
2.0599999725818634
2.1339999735355377
5.5879999697208405
1.2039999812841415
1.1340000331401825
2.9420000314712524
1.7020000219345093
3.461999997496605
1.6060000360012054
2.350000023841858
1.4399999976158142
1.5399999767541883
5.948000013828278
1.829999953508377
1.6400000154972076
3.217999994754792
1.8060000538825989
2.1000000089406967
1.828000009059906
2.0039999783039093
2.8820000290870667
2.5160000026226044
1.8320000171661377
2.557999968528748
3.638000041246414
2.280000001192093
5.965999990701675
1.3759999722242355
1.1559999883174896
4.165999993681908
4.062000066041946
3.304000049829483
3.7579999566078186
4.541999965906143
1.3220000267028809
1.7699999958276749
2.664000004529953
1.5760000348091123
3.272000014781952
6.953999996185303
5.7740000039339066
2.9339999556541443
8.242000013589859
1.2359999865293505
1.0159999877214432
1.2560000121593475
7.559999957680702
1.7460000067949295
1.530000001192093
1.1079999953508377
5.083999991416931
2.7779999673366547
1.8060000091791155
3.280000001192093
3.4800000190734863
2.414000004529953
2.5820000171661377
6.425999939441681
1.4899999797344208
2.4200000315904617
5.957999989390373
2.746000051498413
1.7260000109672546
2.4380000233650208
1.7580000013113022
3.158000022172928
2.1620000153779984
1.0779999941587448
1.9880000054836275
1.7040000259876251
1.61599999666214
2.0480000376701355
1.090000003576279
2.068000018596649
1.9219999760389328
1.4839999973773956
1.5020000040531158
1.4100000113248825
1.9780000150203705
1.2240000069141388
6.154000028967857
4.23199999332428
5.144000053405762
4.350000023841858
1.7539999932050705
1.1920000314712524
1.1780000030994415
1.6839999556541445
2.6720000207424164
2.0440000146627426
1.2539999932050705
1.8820000290870669
3.9500000178813934
1.95600001513958
1.254000037908554
1.8910000324249268
1.7400000542402267
3.534000054001808
3.3460000455379486
4.821999996900559
6.62799996137619
3.7439999729394913
2.8759999871253967
1.202000007033348
5.981999978423119
2.1780000180006027
3.556000009179116
3.747999981045723
3.1520000100135803
2.69999997317791
2.163999989628792
1.3299999833106997
2.6300000101327896
1.214000016450882
1.573999971151352
1.5999999940395355
1.222000002861023
2.6720000505447388
1.548000007867813
1.7319999933242798
2.053999960422516
1.0979999899864197
1.0240000039339066
1.3260000050067902
3.176000028848648
3.6960000097751617
3.44599997997284
3.53399994969368
1.340000003576279
3.931999981403351
8.226000010967255
2.683999970555305
1.1759999990463257
6.891999989748001
4.351999938488007
1.9680000245571136
1.5900000482797625
1.305999979376793
2.449000090360641
3.1520000398159027
3.403999999165535
2.421999961137772
5.361999973654747
1.7300000041723251
4.6180000603199005
3.138000011444092
1.3719999939203262
1.8620000183582304
1.2080000042915344
1.511999994516373
3.009999990463257
1.031999945640564
1.0940000116825104
1.0060000121593475
1.5600000023841858
1.6660000085830688
1.0099999904632568
1.0219999849796295
1.0080000162124634
1.4680000096559525
1.714000016450882
1.0780000388622284
1.0879999846220016
1.2100000232458117
1.4679999947547913
1.1659999787807465
1.6299999952316284
1.0339999943971634
